const provinceBounds = {
  "Ilocos Norte": [[17.5, 120.3], [18.6, 121.2]],
  "Ilocos Sur": [[16.8, 120.2], [17.5, 121.1]],
  "La Union": [[16.1, 120.1], [16.7, 120.7]],
  "Pangasinan": [[15.4, 119.7], [16.3, 121.0]],

  "Abra": [[17.3, 120.6], [17.8, 121.3]],
  "Apayao": [[17.7, 121.0], [18.5, 122.0]],
  "Benguet": [[16.2, 120.4], [17.0, 121.1]],
  "Ifugao": [[16.6, 120.9], [17.2, 121.3]],
  "Kalinga": [[17.2, 121.2], [17.8, 122.0]],
  "Mountain Province": [[16.9, 120.9], [17.3, 121.3]],

  "Cagayan": [[17.7, 121.4], [18.5, 122.5]],
  "Isabela": [[16.6, 121.4], [17.7, 122.3]],
  "Nueva Vizcaya": [[16.1, 120.9], [16.6, 121.4]],
  "Quirino": [[16.2, 121.4], [16.6, 121.9]],

  "Aurora": [[15.5, 121.1], [16.2, 122.0]],
  "Bataan": [[14.4, 120.2], [14.9, 120.7]],
  "Bulacan": [[14.6, 120.8], [15.2, 121.2]],
  "Nueva Ecija": [[15.3, 120.6], [16.1, 121.2]],
  "Pampanga": [[14.8, 120.4], [15.3, 121.0]],
  "Tarlac": [[15.3, 120.3], [15.8, 120.8]],
  "Zambales": [[14.5, 119.8], [15.5, 120.4]],

  "Metro Manila": [[14.4, 120.9], [14.8, 121.1]],

  "Batangas": [[13.5, 120.5], [14.2, 121.2]],
  "Cavite": [[14.1, 120.7], [14.5, 121.1]],
  "Laguna": [[14.1, 121.1], [14.5, 121.6]],
  "Quezon": [[13.6, 121.1], [14.4, 122.3]],
  "Rizal": [[14.4, 121.1], [14.8, 121.5]],

  "Marinduque": [[13.1, 121.7], [13.7, 122.1]],
  "Occidental Mindoro": [[12.0, 120.3], [13.6, 121.0]],
  "Oriental Mindoro": [[12.3, 121.0], [13.4, 121.7]],
  "Palawan": [[8.0, 117.0], [11.3, 119.8]],
  "Romblon": [[12.3, 122.0], [13.0, 122.5]],

  "Albay": [[13.0, 123.2], [13.6, 124.1]],
  "Camarines Norte": [[14.0, 122.4], [14.3, 122.9]],
  "Camarines Sur": [[13.3, 122.5], [14.0, 123.6]],
  "Catanduanes": [[13.6, 124.0], [14.0, 124.4]],
  "Masbate": [[11.7, 123.2], [12.7, 124.2]],
  "Sorsogon": [[12.4, 123.6], [13.2, 124.1]],

  "Antique": [[10.3, 121.7], [11.3, 122.4]],
  "Capiz": [[11.2, 122.2], [11.7, 122.8]],
  "Iloilo": [[10.5, 122.3], [11.4, 123.2]],
  "Negros Occidental": [[9.7, 122.1], [11.3, 123.3]],

  "Bohol": [[9.5, 124.0], [10.2, 124.6]],
  "Cebu": [[9.5, 123.2], [11.3, 124.0]],
  "Negros Oriental": [[9.0, 122.6], [10.2, 123.5]],
  "Siquijor": [[9.1, 123.4], [9.3, 123.7]],

  "Biliran": [[11.4, 124.3], [11.7, 124.6]],
  "Eastern Samar": [[11.0, 125.0], [12.3, 125.8]],
  "Leyte": [[10.5, 124.4], [11.6, 125.5]],
  "Northern Samar": [[12.1, 124.0], [12.6, 125.3]],
  "Samar": [[11.5, 124.5], [12.3, 125.2]],
  "Southern Leyte": [[9.9, 124.8], [10.6, 125.3]],

  "Zamboanga del Norte": [[7.5, 122.0], [8.8, 123.6]],
  "Zamboanga del Sur": [[7.3, 122.8], [8.1, 123.5]],
  "Zamboanga Sibugay": [[7.4, 122.3], [8.0, 123.0]],

  "Bukidnon": [[7.7, 124.7], [8.6, 125.5]],
  "Camiguin": [[9.0, 124.6], [9.3, 124.8]],
  "Lanao del Norte": [[7.9, 123.7], [8.4, 124.5]],
  "Misamis Occidental": [[8.2, 123.6], [8.7, 124.2]],
  "Misamis Oriental": [[8.3, 124.3], [9.1, 125.0]],

  "Compostela Valley": [[7.2, 125.9], [8.0, 126.3]],
  "Davao del Norte": [[7.1, 125.5], [7.9, 126.1]],
  "Davao del Sur": [[6.7, 125.1], [7.5, 125.8]],
  "Davao Oriental": [[6.6, 126.0], [7.4, 126.6]],

  "Cotabato": [[6.6, 124.3], [7.3, 125.2]],
  "South Cotabato": [[6.0, 124.7], [6.7, 125.2]],
  "Sultan Kudarat": [[6.1, 124.2], [6.9, 124.9]],
  "Sarangani": [[5.5, 124.5], [6.4, 125.2]],

  "Agusan del Norte": [[8.7, 125.2], [9.1, 125.8]],
  "Agusan del Sur": [[7.9, 125.5], [8.8, 126.3]],
  "Dinagat Islands": [[9.9, 125.5], [10.3, 126.1]],
  "Surigao del Norte": [[9.4, 125.2], [10.1, 126.0]],
  "Surigao del Sur": [[8.3, 125.7], [9.3, 126.4]],

  "Basilan": [[6.3, 121.3], [6.7, 122.0]],
  "Lanao del Sur": [[7.4, 123.8], [8.3, 124.7]],
  "Maguindanao": [[6.8, 124.1], [7.4, 124.9]],
  "Sulu": [[5.9, 120.8], [6.5, 121.3]],
  "Tawi-Tawi": [[4.8, 119.5], [5.9, 120.6]]
};
